1685719663228 4.165578603744507 0
1685719780139 4.164894421895345 1
1685719896523 4.1376963059107466 2
1685720013776 4.107457717259725 3
1685720130205 4.080743193626404 4
1685720246573 4.049981037775676 5
1685720361467 3.9923638502756753 6
1685720478527 3.9170374870300293 7
1685720595672 3.842793663342794 8
1685720712580 3.741627017656962 9
1685720830824 3.651329000790914 10
1685720949261 3.558165987332662 11
1685721067149 3.4585306644439697 12
1685721186650 3.342789133389791 13
1685721306073 3.216838320096334 14
1685721425947 3.0967329343159995 15
1685721545111 2.9705546299616494 16
1685721664186 2.851983904838562 17
1685721783094 2.7390140692392984 18
1685721905250 2.6129762729008994 19
1685722027713 2.4955091079076133 20
1685722145998 2.4011502663294473 21
1685722261433 2.2979941368103027 22
1685722376871 2.1769200364748635 23
1685722493486 2.097653647263845 24
1685722610065 2.019840399424235 25
1685722726206 1.9242209196090698 26
1685722842408 1.8650373816490173 27
1685722958904 1.8002278606096904 28
1685723075618 1.720662772655487 29
1685723191812 1.6847557425498962 30
1685723308452 1.5908995469411213 31
1685723425456 1.5508950352668762 32
1685723541836 1.4990098476409912 33
1685723658492 1.4446200331052144 34
1685723775095 1.3903404374917347 35
1685723891480 1.3287696838378906 36
1685724008030 1.3416964411735535 37
1685724124918 1.2741610805193584 38
1685724241525 1.2376177807648976 39
1685724358421 1.215017855167389 40
1685724475486 1.190194418032964 41
1685724592506 1.1506689588228862 42
1685724709228 1.1332731544971466 43
1685724825673 1.118003139893214 44
1685724942167 1.0903606017430623 45
1685725058612 1.0573594470818837 46
1685725175029 1.0327237099409103 47
1685725291170 1.0329470684130986 48
1685725407479 1.0163262685139973 49
1685725524385 0.9893827140331268 50
1685725641127 0.9577532112598419 51
1685725757251 0.9445221722126007 52
1685725873835 0.9262935370206833 53
1685725990451 0.8890894949436188 54
1685726108990 0.8848590850830078 55
1685726227234 0.8715985318024954 56
1685726346015 0.8438177655140559 57
1685726465575 0.836711143453916 58
1685726585650 0.814532940586408 59
1685726704684 0.8048220823208491 60
1685726824056 0.7754064500331879 61
1685726942398 0.7763859331607819 62
1685727060784 0.7645178337891897 63
1685727178201 0.7297258327404658 64
1685727296756 0.7242206086715063 65
1685727416017 0.7320765604575475 66
1685727535263 0.7157676666975021 67
1685727654572 0.6962309877077738 68
1685727774018 0.6939892694354057 69
1685727892594 0.6731130679448446 70
1685728010723 0.6768973718086878 71
1685728129564 0.6564905693133672 72
1685728248707 0.6340753585100174 73
1685728367197 0.6410364682475725 74
1685728486397 0.6309506595134735 75
1685728605780 0.6345549523830414 76
1685728725646 0.6289021794994673 77
1685728844448 0.6045478483041128 78
1685728963347 0.6109166393677393 79
1685729082575 0.6088272904356321 80
1685729200989 0.5797555620471636 81
1685729319954 0.6022690335909525 82
1685729439268 0.5752385954062144 83
1685729558646 0.578551451365153 84
1685729677771 0.5613948106765747 85
1685729797939 0.5689149921139082 86
1685729925268 0.564241903523604 87
1685730046672 0.5641653835773468 88
1685730174485 0.5520377308130264 89
1685730295668 0.5408449495832125 90
1685730423221 0.5504208281636238 91
1685730545321 0.5379509031772614 92
1685730672763 0.5263747895757357 93
1685730795209 0.515948216120402 94
1685730923071 0.521744521955649 95
1685731044917 0.49643799165884656 96
1685731172232 0.5225703145066897 97
1685731293995 0.5213326091567675 98
1685731420944 0.5297058597207069 99
