1685752945618 18.09648196303001 0
1685753076221 18.018915906352987 1
1685753208697 17.924944171486427 2
1685753340362 18.047341117329808 3
1685753473282 18.136990784573683 4
1685753604899 18.120879433313 5
1685753736511 18.166786169305162 6
1685753868417 18.052109401441513 7
1685754000428 17.998088389221067 8
1685754132477 18.065853869661403 9
1685754264905 18.098287359116732 10
1685754397228 18.12932055734135 11
1685754529875 18.02826913110243 12
1685754662569 18.04338091714542 13
1685754794580 18.25939775589107 14
1685754926984 18.03027775747786 15
1685755059249 18.15422046469303 16
1685755191309 18.120019694904524 17
1685755323506 18.098217158012947 18
1685755455856 18.039128253743336 19
1685755588666 18.153216095580365 20
1685755721121 18.138016194060057 21
1685755853716 18.183784811286287 22
1685755985042 18.084854730750422 23
1685756115915 18.170094279367945 24
1685756246903 18.12747659397429 25
1685756380127 18.192411986714514 26
1685756511390 18.3648406129822 27
1685756643506 18.23410468878982 28
1685756776922 18.414054990393176 29
1685756910653 18.340818435963335 30
1685757044808 18.296573306481562 31
1685757179224 18.356152911916542 32
1685757313050 18.386769886568192 33
