1685752945610 4.162841081619263 0
1685753076216 4.1600528955459595 1
1685753208691 4.1443495353062945 2
1685753340355 4.112208962440491 3
1685753473275 4.0797165632247925 4
1685753604896 4.045001188913981 5
1685753736507 3.962403098742167 6
1685753868410 3.9026270310084024 7
1685754000423 3.852092981338501 8
1685754132469 3.743833065032959 9
1685754264899 3.651158173878988 10
1685754397223 3.555289069811503 11
1685754529869 3.4556804895401 12
1685754662562 3.340514620145162 13
1685754794571 3.2195521195729575 14
1685754926976 3.1127895514170327 15
1685755059243 2.965641458829244 16
1685755191304 2.853114446004232 17
1685755323500 2.742552320162455 18
1685755455847 2.6171783208847046 19
1685755588659 2.494881828625997 20
1685755721114 2.382858316103617 21
1685755853708 2.282411595185598 22
1685755985034 2.1733966867129006 23
1685756115909 2.0900516907374063 24
1685756246898 2.010386606057485 25
1685756380121 1.9503796696662903 26
1685756511385 1.8549495140711467 27
1685756643501 1.8055914640426636 28
1685756776918 1.720789869626363 29
1685756910647 1.6892202099164326 30
1685757044800 1.5968740979830425 31
1685757179218 1.5415699581305187 32
1685757313044 1.4864141245683034 33
